NC_006886	NC_033537.1_ATP8_nucl	3	161	3871	4029	0.8
NC_006886	NC_033537.1_ATP8_nucl	3	161	3871	4029	0.8
NC_006886	NC_033537.1_ATP8_nucl	3	161	3871	4029	0.8
NC_006886	NC_033537.1_ATP8_nucl	3	161	3871	4029	0.8
NC_007687	NC_033537.1_ATP8_nucl	3	141	7024	7161	0.73
NC_007687	NC_033537.1_ATP8_nucl	3	141	7024	7161	0.73
NC_007687	NC_033537.1_ATP8_nucl	3	141	7024	7161	0.73
NC_007687	NC_033537.1_ATP8_nucl	3	141	7024	7161	0.73
NC_008452	NC_039945.1_ATP8_nucl	8	113	12553	12658	0.93
NC_008452	NC_033538.1_ATP8_nucl	25	113	12570	12658	0.71
NC_008452	NC_050683.1_ATP8_nucl	8	114	12553	12659	0.86
NC_008452	NC_025636.1_ATP8_nucl	29	89	14111	14186	0.61
NC_008452	NC_039945.1_ATP8_nucl	8	113	12553	12658	0.93
NC_008452	NC_033538.1_ATP8_nucl	25	113	12570	12658	0.71
NC_008452	NC_025636.1_ATP8_nucl	29	89	14111	14186	0.61
NC_008452	NC_050683.1_ATP8_nucl	8	114	12553	12659	0.86
NC_008452	NC_033538.1_ATP8_nucl	25	113	12570	12658	0.71
NC_008452	NC_050683.1_ATP8_nucl	8	114	12553	12659	0.86
NC_008452	NC_039945.1_ATP8_nucl	8	113	12553	12658	0.93
NC_008452	NC_050683.1_ATP8_nucl	8	114	12553	12659	0.86
NC_008452	NC_025636.1_ATP8_nucl	29	89	14111	14186	0.61
NC_008452	NC_025636.1_ATP8_nucl	29	89	14111	14186	0.61
NC_008452	NC_039945.1_ATP8_nucl	8	113	12553	12658	0.93
NC_008452	NC_033538.1_ATP8_nucl	25	113	12570	12658	0.71
NC_011075	NC_039945.1_ATP8_nucl	1	113	14289	14401	0.66
NC_011075	NC_039945.1_ATP8_nucl	1	113	14289	14401	0.66
NC_011075	NC_057530.1_ATP8_nucl	2	110	14290	14398	0.88
NC_011075	NC_057530.1_ATP8_nucl	2	110	14290	14398	0.88
NC_011075	NC_057530.1_ATP8_nucl	2	110	14290	14398	0.88
NC_011075	NC_057530.1_ATP8_nucl	2	110	14290	14398	0.88
NC_011075	NC_039945.1_ATP8_nucl	1	113	14289	14401	0.66
NC_011075	NC_039945.1_ATP8_nucl	1	113	14289	14401	0.66
NC_011608	NC_057147.1_ATP8_nucl	7	134	8221	8348	0.82
NC_011608	NC_057147.1_ATP8_nucl	7	134	8221	8348	0.82
NC_011608	NC_057147.1_ATP8_nucl	7	134	8221	8348	0.82
NC_011608	NC_057147.1_ATP8_nucl	7	134	8221	8348	0.82
NC_012650	NC_027653.1_ATP8_nucl	2	119	6215	6332	0.85
NC_012650	NC_027653.1_ATP8_nucl	2	119	6215	6332	0.85
NC_012650	NC_027653.1_ATP8_nucl	2	119	6215	6332	0.85
NC_012650	NC_027653.1_ATP8_nucl	2	119	6215	6332	0.85
NC_012767	NC_016889.1_ATP8_nucl	1	112	8553	8664	0.78
NC_012767	NC_046410.1_ATP8_nucl	2	112	8554	8664	0.73
NC_012767	NC_038063.1_ATP8_nucl	2	112	8554	8664	0.78
NC_012767	NC_050989.1_ATP8_nucl	3	112	8555	8664	0.82
NC_012767	NC_025636.1_ATP8_nucl	1	112	8553	8664	0.92
NC_013188	NC_046410.1_ATP8_nucl	2	112	8554	8664	0.72
NC_013188	NC_016891.1_ATP8_nucl	1	112	8553	8664	0.7
NC_013188	NC_050989.1_ATP8_nucl	3	112	8555	8664	0.81
NC_013188	NC_025636.1_ATP8_nucl	1	112	8553	8664	0.9
NC_014579	NC_025635.1_ATP8_nucl	2	113	12998	13109	0.7
NC_014579	NC_016174.1_ATP8_nucl	2	112	12998	13108	0.71
NC_014579	NC_037916.1_ATP8_nucl	2	113	12998	13109	0.87
NC_014579	NC_038063.1_ATP8_nucl	2	113	12998	13109	0.87
NC_014579	NC_050989.1_ATP8_nucl	3	113	12999	13109	0.77
NC_014579	NC_033538.1_ATP8_nucl	2	113	12998	13109	0.89
NC_016665	NC_044766.1_ATP8_nucl	15	83	2595	2664	0.75
NC_018371	NC_035984.1_ATP8_nucl	3	121	11630	11748	0.75
NC_018371	NC_042421.1_ATP8_nucl	6	129	11630	11753	0.88
NC_018371	NC_046410.1_ATP8_nucl	2	111	11629	11741	0.88
NC_018371	NC_035986.1_ATP8_nucl	3	123	11630	11750	0.83
NC_018372	NC_035985.1_ATP8_nucl	2	98	11218	11314	0.73
NC_018374	NC_035984.1_ATP8_nucl	2	122	11973	12093	0.77
NC_018374	NC_035985.1_ATP8_nucl	2	122	11973	12093	0.8
NC_018374	NC_035987.1_ATP8_nucl	2	121	11973	12092	0.77
NC_018376	NC_042421.1_ATP8_nucl	5	126	11322	11443	0.83
NC_018376	NC_035986.1_ATP8_nucl	2	90	11322	11410	0.71
NC_022709	NC_037916.1_ATP8_nucl	2	113	10392	10503	0.85
NC_022709	NC_056193.1_ATP8_nucl	1	114	10391	10504	0.89
NC_022709	NC_022924.1_ATP8_nucl	2	112	10392	10502	0.87
NC_022709	NC_037917.1_ATP8_nucl	1	113	10391	10503	0.88
NC_022709	NC_038063.1_ATP8_nucl	1	114	10391	10504	0.74
NC_022709	NC_050989.1_ATP8_nucl	2	113	10392	10503	0.79
NC_022709	NC_051454.1_ATP8_nucl	1	113	10391	10503	0.78
NC_024927	NC_050989.1_ATP8_nucl	34	111	15456	15533	0.54
NC_026558	NC_022194.1_ATP8_nucl	16	112	8540	8636	0.83
NC_026558	NC_035728.1_ATP8_nucl	11	111	8535	8635	0.9
NC_026728	NC_050989.1_ATP8_nucl	1	110	9557	9666	0.86
NC_031332	NC_016889.1_ATP8_nucl	3	113	5976	6086	0.82
NC_031332	NC_016174.1_ATP8_nucl	3	111	5976	6084	0.78
NC_031332	NC_037917.1_ATP8_nucl	2	112	5975	6085	0.72
NC_031332	NC_038063.1_ATP8_nucl	2	113	5975	6086	0.85
NC_031332	NC_014809.1_ATP8_nucl	3	112	5976	6085	0.79
NC_031332	NC_051454.1_ATP8_nucl	2	113	5975	6086	0.77
NC_036478	NC_022688.1_ATP8_nucl	8	101	6130	6217	0.77
NC_036483	NC_022688.1_ATP8_nucl	8	101	6130	6217	0.77
NC_042422	NC_035985.1_ATP8_nucl	2	122	11632	11752	0.8
NC_042422	NC_035986.1_ATP8_nucl	2	121	11632	11751	0.85
NC_042423	NC_035984.1_ATP8_nucl	2	115	11290	11403	0.8
NC_042423	NC_035985.1_ATP8_nucl	2	121	11290	11409	0.8
NC_045870	NC_016889.1_ATP8_nucl	3	113	18337	18447	0.86
NC_045870	NC_025635.1_ATP8_nucl	4	113	18338	18447	0.59
NC_045870	NC_022924.1_ATP8_nucl	3	111	18337	18445	0.68
NC_045870	NC_038063.1_ATP8_nucl	2	113	18336	18447	0.91
NC_045870	NC_025636.1_ATP8_nucl	5	113	18339	18447	0.75
NC_045870	NC_033538.1_ATP8_nucl	5	113	18339	18447	0.65
NC_045888	NC_038063.1_ATP8_nucl	2	113	17784	17895	0.93
NC_056656	NC_057147.1_ATP8_nucl	6	134	7196	7324	0.73
